0.00511739 -0.00022545 -0.000886549 0.000576637 -0.0006469 -0.00305919 0.0165076 0.0134859 -0.00398915 0.00126095 0.00983405 0.00840891 0.0145484 0.0164744 0.00572824 0.00476806 0.00549036 0.0134859 -0.00379422 -0.000921602 0.0134859 0.0134859 -0.0023932 0.00878854 -0.100876 -0.0598927 -0.0298719 -0.0136284 3.75141 0.00815257 0.00636541 -0.00280835 -0.163206 -0.00352281 0.0134859 0.00173578 -0.00350176 0.000262531 0.0134859 0.00119623 -0.00352281 -0.0336699 -0.00352281 0.00549036 -0.00139911 0.00532491 -0.0336699 -0.00280835 3.75141 3.75141 3.75141 -0.0336699 -0.000921602 -0.00379422 -0.0537255 0.00141049 -0.0537255 0.00141049 -0.0537255 0.00141049 
0.574518 0.488186 0.153355 0.221615 0.119901 0.0441544 0.105123 0.169053 0.0672242 0.0982454 0.164289 0.148589 0.180177 0.174385 -0.0220497 -0.0334976 0.0815035 0.169053 -0.216336 -0.167372 0.169053 0.169053 -0.0935155 0.0321839 -0.0464497 -0.351472 0.994518 -0.0195902 21.7498 -0.0976113 0.0209738 0.0828069 -0.0261406 -0.0574109 0.169053 0.0567989 -0.0577181 0.0790293 0.169053 -0.157761 -0.0574109 0.585805 -0.0574109 0.0815035 0.0471171 0.0919197 0.585805 0.0828069 21.7498 21.7498 21.7498 0.585805 -0.167372 -0.216336 0.14375 0.321607 0.14375 0.321607 0.14375 0.321607 
0.926095 0.832674 0.26097 0.393119 0.186019 0.10223 0.163419 0.220457 0.112151 0.156529 0.192458 0.1895 0.289408 0.291378 0.0289585 0.00943463 0.0627736 0.220457 -0.327085 -0.305752 0.220457 0.220457 -0.420226 0.183939 -0.4632 -0.892791 2.60352 -0.0082131 63.5543 -0.222212 -0.0435746 0.193436 -0.0194154 -0.117321 0.220457 0.107988 -0.118152 0.141743 0.220457 -0.295571 -0.117321 1.34078 -0.117321 0.0627736 -0.00525379 0.0744303 1.34078 0.193436 63.5543 63.5543 63.5543 1.34078 -0.305752 -0.327085 0.105524 0.219977 0.105524 0.219977 0.105524 0.219977 
0.577326 0.445331 0.061626 0.0355597 0.142252 -0.0255513 -0.138867 -0.122385 -0.0138082 -0.0410056 -0.0553519 -0.063395 -0.0728533 -0.0934736 0.0309999 0.0290167 0.0102433 -0.122385 -0.10756 -0.0315468 -0.122385 -0.122385 0.232614 0.418065 -0.131685 0.246628 -0.0497993 -0.156229 3.793 -0.0542295 0.184807 -0.118929 -0.0533249 0.0434406 -0.122385 0.0621958 0.0435365 0.0614864 -0.122385 -0.0876269 0.0434406 0.0142235 0.0434406 0.0102433 -0.0303815 0.020146 0.0142235 -0.118929 3.793 3.793 3.793 0.0142235 -0.0315468 -0.10756 0.490202 0.249144 0.490202 0.249144 0.490202 0.249144 
0.75383 0.583184 0.0720669 0.0450223 0.188774 -0.00704074 -0.197935 -0.20482 -0.0158992 -0.0515723 -0.119238 -0.123845 -0.114427 -0.130642 0.0929305 0.0948935 -0.0189965 -0.20482 -0.128965 -0.0559346 -0.20482 -0.20482 0.343128 0.620341 -0.0872237 0.394972 -0.0383551 -0.217218 3.0264 -0.062364 0.261936 -0.166575 -0.027046 0.0513425 -0.20482 0.0934096 0.0513232 0.0871125 -0.20482 -0.125977 0.0513425 0.0237266 0.0513425 -0.0189965 -0.031056 -0.00224255 0.0237266 -0.166575 3.0264 3.0264 3.0264 0.0237266 -0.0559346 -0.128965 0.668207 0.259457 0.668207 0.259457 0.668207 0.259457 
-0.19263 -0.244086 -0.0960681 -0.222943 -0.0913579 -0.192287 -0.218919 -0.176019 -0.129043 -0.250857 -0.120835 -0.120503 -0.226529 -0.192243 -0.0608971 -0.0710782 -0.0688413 -0.176019 0.0133485 0.127978 -0.176019 -0.176019 0.151271 0.196496 -0.319669 -0.0945707 -0.376634 0.0874173 6.46042 0.0276566 0.231761 -0.14185 -0.370996 -0.00557221 -0.176019 -0.0204148 -0.00550843 -0.0369723 -0.176019 0.0415449 -0.00557221 -0.222139 -0.00557221 -0.0688413 -0.0545855 -0.0749853 -0.222139 -0.14185 6.46042 6.46042 6.46042 -0.222139 0.127978 0.0133485 -0.437263 -0.48812 -0.437263 -0.48812 -0.437263 -0.48812 
-0.256375 -0.286328 -0.109251 -0.282205 -0.0536768 -0.243174 -0.325606 -0.205554 -0.189165 -0.333884 -0.125877 -0.141776 -0.350448 -0.292383 -0.0623669 -0.063852 -0.0870505 -0.205554 0.0214135 0.276997 -0.205554 -0.205554 0.276779 0.551829 -0.562794 0.0284796 -0.612621 0.255784 5.00709 0.0246669 0.420675 -0.270005 -0.509713 0.0400789 -0.205554 -0.0391033 0.0401297 -0.0525298 -0.205554 0.0861115 0.0400789 -0.38261 0.0400789 -0.0870505 -0.0555121 -0.0808702 -0.38261 -0.270005 5.00709 5.00709 5.00709 -0.38261 0.276997 0.0214135 -0.603081 -0.496891 -0.603081 -0.496891 -0.603081 -0.496891 
-0.222201 -0.249362 -0.0834437 -0.139945 -0.0491615 -0.0634872 -0.188712 -0.204601 -0.111851 -0.174898 -0.191756 -0.170302 -0.230636 -0.160792 0.150664 0.175846 -0.173246 -0.204601 0.063999 0.114831 -0.204601 -0.204601 0.13983 0.171619 -0.136211 0.00409352 -0.148167 0.0289172 7.34583 0.0589656 0.283176 -0.134603 -0.208764 0.0139552 -0.204601 -0.00062791 0.013937 -0.0316685 -0.204601 0.00974751 0.0139552 -0.0192523 0.0139552 -0.173246 -0.109018 -0.151472 -0.0192523 -0.134603 7.34583 7.34583 7.34583 -0.0192523 0.114831 0.063999 -0.334419 -0.435906 -0.334419 -0.435906 -0.334419 -0.435906 
-0.401263 -0.456835 -0.120027 -0.157517 -0.0207789 0.0262105 -0.278082 -0.321167 -0.181459 -0.240636 -0.330111 -0.273388 -0.402335 -0.235542 0.52193 0.595846 -0.347883 -0.321167 0.084445 0.245924 -0.321167 -0.321167 0.264099 0.653182 -0.083907 0.126872 -0.103766 0.165768 3.61938 0.156533 0.704698 -0.313209 -0.235344 0.0337317 -0.321167 0.0233959 0.0329981 -0.0393016 -0.321167 -0.00166541 0.0337317 -0.0341837 0.0337317 -0.347883 -0.280356 -0.278937 -0.0341837 -0.313209 3.61938 3.61938 3.61938 -0.0341837 0.245924 0.084445 -0.525483 -0.613859 -0.525483 -0.613859 -0.525483 -0.613859 
0.176787 0.170611 -0.0504158 -0.127777 -0.0541497 -0.132305 -0.229049 -0.312347 -0.105791 -0.227992 -0.220521 -0.199159 -0.138414 -0.133021 -0.0472109 -0.0531578 -0.157149 -0.312347 0.135037 0.0296756 -0.312347 -0.312347 0.0909009 -0.151849 0.0453859 -0.0364182 -0.0481277 -0.250426 26.9296 -0.0767313 -0.0353016 0.0151872 -0.204453 0.0499557 -0.312347 -0.00476333 0.0493481 -0.0466019 -0.312347 0.000304109 0.0499557 0.434278 0.0499557 -0.157149 -0.0718045 -0.142113 0.434278 0.0151872 26.9296 26.9296 26.9296 0.434278 0.0296756 0.135037 0.13271 -0.357132 0.13271 -0.357132 0.13271 -0.357132 
0.162919 0.170839 -0.0695038 -0.156752 -0.0588762 -0.152985 -0.275761 -0.379927 -0.135773 -0.272189 -0.27691 -0.251215 -0.18453 -0.180484 -0.0418243 -0.0433041 -0.19434 -0.379927 0.182042 0.0559265 -0.379927 -0.379927 0.117641 -0.16833 0.0372604 0.0408748 -0.289263 -0.295328 30.8892 -0.0806975 -0.0305462 0.00341826 -0.28526 0.0717176 -0.379927 -0.0107764 0.0705939 -0.06227 -0.379927 0.0127083 0.0717176 0.462783 0.0717176 -0.19434 -0.0727014 -0.175846 0.462783 0.00341826 30.8892 30.8892 30.8892 0.462783 0.0559265 0.182042 0.137773 -0.422469 0.137773 -0.422469 0.137773 -0.422469 
0.0941172 0.156559 -0.0149347 -0.0302808 0.0631545 -0.0549906 -0.314888 -0.183434 -0.200659 -0.19296 -0.112136 -0.108487 -0.220287 -0.226543 -0.0720683 -0.0371122 -0.19073 -0.183434 0.286384 0.366808 -0.183434 -0.183434 -0.020759 -0.145852 -0.380938 0.013914 -0.511133 -0.0802901 39.0692 -0.111036 -0.0883133 0.0307923 -0.378185 0.207745 -0.183434 -0.110018 0.207851 -0.124495 -0.183434 0.146811 0.207745 0.605101 0.207745 -0.19073 -0.133814 -0.0930367 0.605101 0.0307923 39.0692 39.0692 39.0692 0.605101 0.366808 0.286384 0.044727 -0.0148453 0.044727 -0.0148453 0.044727 -0.0148453 
0.01499 0.109822 -0.0187172 -0.0143249 0.120144 -0.024359 -0.395494 -0.192285 -0.297996 -0.214853 -0.130229 -0.131202 -0.31364 -0.314425 -0.0200539 0.0453715 -0.256668 -0.192285 0.343957 0.557021 -0.192285 -0.192285 -0.0533977 -0.0727661 -0.473583 -0.101477 -0.823918 0.0528864 44.9846 -0.100651 -0.0190805 -0.0079547 -0.472457 0.287081 -0.192285 -0.151821 0.286873 -0.158727 -0.192285 0.122988 0.287081 0.657546 0.287081 -0.256668 -0.145891 -0.0952796 0.657546 -0.0079547 44.9846 44.9846 44.9846 0.657546 0.557021 0.343957 -0.0326765 0.0188012 -0.0326765 0.0188012 -0.0326765 0.0188012 
0.00813306 0.0133799 0.0022168 0.00555908 -0.00329653 -0.00418842 0.0415581 0.0503698 -0.00274065 0.00212497 0.0472228 0.0356105 0.0413376 0.00869473 0.00577173 0.0121703 0.00172614 0.0503698 -0.00838892 -0.00777536 0.0503698 0.0503698 -0.00127571 0.0062407 -0.103195 -0.0952305 -0.111806 0.00194237 2.32016 0.0151607 0.0188683 -0.00714901 -0.076193 -0.0126184 0.0503698 -0.00114753 -0.012694 -0.000565875 0.0503698 -0.00214956 -0.0126184 -0.0375061 -0.0126184 0.00172614 0.00172668 0.00414365 -0.0375061 -0.00714901 2.32016 2.32016 2.32016 -0.0375061 -0.00777536 -0.00838892 -0.109987 -0.279293 -0.109987 -0.279293 -0.109987 -0.279293 
0.678937 0.763924 0.222466 0.339234 0.294757 0.112124 -0.0742566 0.166918 0.0245735 -0.0051815 0.219753 0.252065 0.176668 0.241087 -0.0317725 -0.0333559 -0.0371587 0.166918 -0.201234 -0.0651272 0.166918 0.166918 -0.136544 -0.189055 0.726099 -0.116364 0.683618 -0.180322 37.6887 -0.18558 -0.109107 0.178737 -0.191077 -0.0224633 0.166918 0.0326906 -0.021708 -0.00377812 0.166918 -0.133606 -0.0224633 1.04284 -0.0224633 -0.0371587 0.0358949 0.0899989 1.04284 0.178737 37.6887 37.6887 37.6887 1.04284 -0.0651272 -0.201234 -0.280086 0.29116 -0.280086 0.29116 -0.280086 0.29116 
0.0327433 -0.0266538 -0.0725306 -0.261323 0.250677 -0.0148283 -0.207988 -0.137926 0.00462401 0.128978 -0.04753 -0.0623926 0.00980779 0.051112 0.0208158 0.0723856 -0.0105161 -0.137926 -0.103191 -0.029012 -0.137926 -0.137926 -0.0802796 0.826246 0.310578 -0.336475 0.555936 0.0394353 2.56379 -0.177507 0.233124 -0.136088 -0.0177163 -0.00647275 -0.137926 0.0821267 -0.00974035 0.102717 -0.137926 -0.0654238 -0.00647275 0.362929 -0.00647275 -0.0105161 0.084711 -0.0216939 0.362929 -0.136088 2.56379 2.56379 2.56379 0.362929 -0.029012 -0.103191 -0.272184 -0.377833 -0.272184 -0.377833 -0.272184 -0.377833 
-0.020172 -0.12349 -0.267707 -0.167246 0.0107414 -0.013677 -0.30026 -0.429529 -0.0779957 -0.0525341 -0.329921 -0.328347 -0.241452 -0.233297 0.360304 0.423422 -0.145844 -0.429529 0.0405605 -0.0299316 -0.429529 -0.429529 -0.070751 0.231221 -0.0720039 -0.111475 -0.145495 0.056412 2.10286 0.0992912 0.290559 -0.12446 0.30581 -0.0778702 -0.429529 -0.0117977 -0.080169 -0.0108826 -0.429529 -0.0228048 -0.0778702 0.0507774 -0.0778702 -0.145844 -0.135526 -0.0476377 0.0507774 -0.12446 2.10286 2.10286 2.10286 0.0507774 -0.0299316 0.0405605 -0.239026 -0.406664 -0.239026 -0.406664 -0.239026 -0.406664 
0.0638569 0.0605768 -0.0646159 -0.00208457 0.300992 -0.0160042 -0.710113 -0.876746 -0.112884 -0.0363036 -0.795379 -0.790202 -0.844958 -0.841596 0.0207846 0.0332685 -0.0434281 -0.876746 0.084724 -0.0169175 -0.876746 -0.876746 -0.116322 0.108245 0.048388 -0.0477566 0.191406 -0.0227874 34.282 -0.210359 -0.102724 0.0678577 -0.351519 0.0636747 -0.876746 0.0092457 0.063474 0.00781838 -0.876746 -0.00976664 0.0636747 0.706278 0.0636747 -0.0434281 -0.0632879 -0.0740788 0.706278 0.0678577 34.282 34.282 34.282 0.706278 -0.0169175 0.084724 2.18943 3.97128 2.18943 3.97128 2.18943 3.97128 
0.061581 0.0495255 -0.0995099 -0.0883318 0.086343 0.117733 -0.674464 -0.590053 -0.0852973 -0.0144849 -0.438965 -0.428819 -0.50972 -0.477805 0.0400136 0.0716045 -0.0709856 -0.590053 0.00832547 0.0895391 -0.590053 -0.590053 -0.143579 0.107348 0.00413854 -0.146495 0.137183 -0.137483 29.7355 -0.208617 -0.153481 0.0735216 -0.291268 0.106416 -0.590053 0.016512 0.106599 0.00754416 -0.590053 -0.0142924 0.106416 0.718706 0.106416 -0.0709856 -0.0701066 -0.00505883 0.718706 0.0735216 29.7355 29.7355 29.7355 0.718706 0.0895391 0.00832547 1.21346 2.53435 1.21346 2.53435 1.21346 2.53435 
-0.116033 -0.0911567 -0.188815 -0.163517 0.00733375 0.11302 -0.29088 -0.161361 -0.171524 -0.09745 -0.103103 -0.140383 -0.2025 -0.113868 0.116489 0.127166 -0.0545055 -0.161361 0.0975346 0.12181 -0.161361 -0.161361 -0.0893596 0.0591174 -0.10762 -0.0447868 -0.0579385 -0.226552 35.4281 -0.266006 -0.277863 0.0837329 -0.547664 0.156292 -0.161361 0.0153093 0.156557 -0.011611 -0.161361 0.030207 0.156292 0.731892 0.156292 -0.0545055 -0.065683 -0.0112541 0.731892 0.0837329 35.4281 35.4281 35.4281 0.731892 0.12181 0.0975346 -0.647183 -0.244411 -0.647183 -0.244411 -0.647183 -0.244411 
-0.0482067 -0.0900939 -0.113283 -0.234012 0.181377 -0.207419 -0.306337 -0.27124 -0.044241 -0.0652483 -0.194337 -0.131791 -0.21368 -0.246816 0.401517 0.334858 -0.0685555 -0.27124 0.193149 -0.15059 -0.27124 -0.27124 0.0914604 0.135047 -0.422192 -0.0394815 -0.406306 -0.1317 1.28145 0.221321 0.468033 -0.140614 0.00503169 -0.126753 -0.27124 -0.0163084 -0.127632 -0.0205366 -0.27124 0.0326318 -0.126753 -0.226307 -0.126753 -0.0685555 0.0933401 -0.0970503 -0.226307 -0.140614 1.28145 1.28145 1.28145 -0.226307 -0.15059 0.193149 -0.461593 -0.257504 -0.461593 -0.257504 -0.461593 -0.257504 
0.0633749 0.00570604 -0.0530764 -0.0984995 0.0690869 0.13029 -0.34991 -0.219124 -0.0951406 -0.0337834 -0.256905 -0.269259 -0.23944 -0.159227 0.0150489 0.010272 -0.0972941 -0.219124 0.136157 0.194174 -0.219124 -0.219124 -0.0786255 -0.0196665 -0.101987 -0.11805 -0.0107847 -0.186354 31.1945 -0.161143 -0.170172 0.0938439 -0.375469 0.182339 -0.219124 -0.0219507 0.182666 -0.0281791 -0.219124 0.055749 0.182339 0.645228 0.182339 -0.0972941 -0.0739278 -0.0253439 0.645228 0.0938439 31.1945 31.1945 31.1945 0.645228 0.194174 0.136157 0.0514186 0.375581 0.0514186 0.375581 0.0514186 0.375581 
0.0207113 -0.0728107 -0.0491115 -0.195961 0.12744 0.167101 -0.292993 -0.203171 -0.115963 0.0249625 -0.408778 -0.421741 -0.225422 -0.109399 -0.027402 -0.0200603 -0.186473 -0.203171 0.328082 0.3442 -0.203171 -0.203171 -0.0997783 0.10851 -0.236474 -0.590066 -0.107635 -0.29797 31.0991 -0.113758 -0.0412891 0.0436277 -0.348857 0.277308 -0.203171 -0.0648362 0.276413 -0.0452985 -0.203171 0.0884215 0.277308 0.603066 0.277308 -0.186473 -0.138209 -0.0949597 0.603066 0.0436277 31.0991 31.0991 31.0991 0.603066 0.3442 0.328082 -0.167642 -0.31311 -0.167642 -0.31311 -0.167642 -0.31311 
0.00405852 0.00230778 0.000574684 0.000668846 0.00805836 -0.00195101 0.00260563 -0.000680534 0.00188758 -0.000196882 0.00347151 0.000965373 0.00192778 0.000356924 -0.00360736 -0.00287694 0.00324147 -0.000680534 0.00360896 -0.00916575 -0.000680534 -0.000680534 -0.00111961 -0.00358254 -0.165764 -0.0147376 -0.155063 -0.00475896 5.606 0.0369462 -0.0167796 0.00193546 -0.110831 -0.00279692 -0.000680534 0.00164032 -0.00279662 -0.000381438 -0.000680534 -0.000790063 -0.00279692 -0.102318 -0.00279692 0.00324147 0.000646872 -0.00634134 -0.102318 0.00193546 5.606 5.606 5.606 -0.102318 -0.00916575 0.00360896 0.0108256 -0.0346032 0.0108256 -0.0346032 0.0108256 -0.0346032 
0.632389 0.590982 0.264833 0.291956 0.660008 0.500352 0.287991 0.10448 0.163455 0.335736 0.13131 0.161703 0.318217 0.306283 -0.00706501 0.17362 0.0745678 0.10448 -0.124842 -0.439348 0.10448 0.10448 -0.206857 -0.334391 -0.194515 0.569444 -0.481307 0.242223 158.7 -0.348188 -0.442912 0.322329 -0.103666 -0.120584 0.10448 0.131753 -0.120717 0.120206 0.10448 -0.26886 -0.120584 1.55233 -0.120584 0.0745678 0.155461 0.160265 1.55233 0.322329 158.7 158.7 158.7 1.55233 -0.439348 -0.124842 0.24253 0.565279 0.24253 0.565279 0.24253 0.565279 
0.0274059 0.0177683 -0.000551677 0.0081789 0.079834 -0.00820294 0.0429466 0.0276477 -0.380363 -0.281589 0.038185 0.037815 0.0407522 0.0245428 0.0660264 0.0979286 -0.235183 0.0276477 0.506347 0.036734 0.0276477 0.0276477 -0.0432707 -0.0431573 -0.703525 0.658163 -0.775821 0.00920832 96.8444 -0.0606617 -0.0348072 0.0437838 -0.561399 0.178004 0.0276477 -0.0799321 0.177906 -0.087003 0.0276477 0.0739117 0.178004 0.476866 0.178004 -0.235183 -0.125262 0.0591734 0.476866 0.0437838 96.8444 96.8444 96.8444 0.476866 0.036734 0.506347 0.000461644 0.401812 0.000461644 0.401812 0.000461644 0.401812 
-0.0698395 -0.00770404 0.0439895 -0.0119079 -0.022647 0.191241 -0.00881891 -0.0367649 0.0745137 0.141075 -0.0102081 -0.0122751 -0.00856284 -0.00545726 -0.0291403 -0.0231767 -0.092886 -0.0367649 -0.0587155 -0.0492855 -0.0367649 -0.0367649 0.0802744 0.105755 -0.180036 0.260797 -0.241528 0.217656 3.98558 0.0489255 -0.00106972 -0.0437963 -0.10739 -0.0406483 -0.0367649 0.0586408 -0.0410079 0.0389673 -0.0367649 -0.0799091 -0.0406483 -0.186419 -0.0406483 -0.092886 -0.00786874 -0.0604377 -0.186419 -0.0437963 3.98558 3.98558 3.98558 -0.186419 -0.0492855 -0.0587155 0.010065 -0.0524727 0.010065 -0.0524727 0.010065 -0.0524727 
-0.0202933 0.0418987 0.0992613 0.0255064 -0.189528 0.119379 -0.0671862 0.118354 0.0257359 0.0713607 -0.049659 -0.000604299 -0.0658159 0.0163807 -0.0349349 0.0737934 -0.112181 0.118354 -0.14187 0.0516219 0.118354 0.118354 0.0176996 0.0971834 -0.190239 0.143753 -0.199117 0.00781756 45.3339 -0.0769809 0.158328 -0.00845852 -0.0899568 -0.00349865 0.118354 0.0449228 -0.00413693 0.0333464 0.118354 -0.0856412 -0.00349865 0.392324 -0.00349865 -0.112181 0.0308248 0.000401934 0.392324 -0.00845852 45.3339 45.3339 45.3339 0.392324 0.0516219 -0.14187 -0.0773024 0.243509 -0.0773024 0.243509 -0.0773024 0.243509 
0.00492058 0.0124513 0.00509927 -0.00204223 0.09531 0.0537025 0.0872891 0.0558091 -0.231898 -0.0782978 0.0876217 0.0967524 0.0852524 0.0755669 -0.0449237 -0.0915446 -0.0233107 0.0558091 0.185777 0.0859456 0.0558091 0.0558091 -0.137389 0.040058 -0.227117 -0.0206583 -0.255806 -0.248498 77.6892 -0.276321 -0.135621 0.0155269 -0.33387 0.0974988 0.0558091 -0.056518 0.097419 -0.031524 0.0558091 0.0791328 0.0974988 0.623291 0.0974988 -0.0233107 0.0556277 0.150561 0.623291 0.0155269 77.6892 77.6892 77.6892 0.623291 0.0859456 0.185777 -0.0562377 0.484501 -0.0562377 0.484501 -0.0562377 0.484501 
0.0124734 0.00619763 0.000900318 -0.000290149 -0.0135645 0.0246746 0.0300406 0.0326182 -0.00694567 -0.00748529 0.0272525 0.0257566 0.0225495 0.0116592 -0.000900999 -0.0008875 -0.00443628 0.0326182 0.0112797 0.0116205 0.0326182 0.0326182 -0.016392 0.0436657 -0.254854 -0.0531296 -0.190918 -0.116193 5.05194 0.0169623 0.00867705 -0.0118199 -0.0318878 0.0106342 0.0326182 -0.00221943 0.01066 -0.00248447 0.0326182 0.00540497 0.0106342 -0.089929 0.0106342 -0.00443628 0.00179057 -0.00326129 -0.089929 -0.0118199 5.05194 5.05194 5.05194 -0.089929 0.0116205 0.0112797 -0.0706018 -0.0327605 -0.0706018 -0.0327605 -0.0706018 -0.0327605 
0.595302 0.547127 0.0851302 0.00445309 -0.105691 0.557803 0.187346 0.0091349 -0.0461006 -0.349216 -0.178824 -0.144638 0.0336771 -0.110598 0.0935487 -0.0123231 -0.179245 0.0091349 0.130656 0.156744 0.0091349 0.0091349 0.261409 0.00336743 0.0663485 -0.0871832 -0.162986 -0.358526 50.0677 -0.222053 0.0744799 -0.0332334 -0.344426 0.191917 0.0091349 -0.0508764 0.192081 -0.0358739 0.0091349 0.019007 0.191917 0.800721 0.191917 -0.179245 -0.135128 -0.143675 0.800721 -0.0332334 50.0677 50.0677 50.0677 0.800721 0.156744 0.130656 0.0899671 0.102359 0.0899671 0.102359 0.0899671 0.102359 
0.159231 0.465235 -0.12478 -0.0199801 -0.134645 -0.363144 -0.0632342 -0.334371 0.169541 0.280233 -0.260942 -0.13615 -0.0701514 -0.0663712 -0.221335 -0.133245 0.498788 -0.334371 -0.342847 -0.209594 -0.334371 -0.334371 0.063404 0.0731242 0.36856 -0.233182 -0.0809347 -0.888058 9.60444 -0.163672 0.0124654 -0.00785683 -0.0648125 -0.197729 -0.334371 0.183417 -0.197585 0.137976 -0.334371 -0.0398683 -0.197729 -0.0629668 -0.197729 0.498788 0.495901 0.546131 -0.0629668 -0.00785683 9.60444 9.60444 9.60444 -0.0629668 -0.209594 -0.342847 0.180374 0.0255871 0.180374 0.0255871 0.180374 0.0255871 
0.0465492 0.073312 -0.0689287 0.00860481 -0.00991133 -0.0596759 -0.4653 -0.549681 0.00452739 -0.0794714 -0.43009 -0.521201 -0.279606 -0.324635 0.00123929 -0.0555245 -0.00277371 -0.549681 0.0826896 -0.112435 -0.549681 -0.549681 0.0752116 0.0176617 -0.382994 0.571345 -0.264363 1.94292 29.3959 -0.0303222 0.0192004 -0.00416059 -0.345032 0.0804781 -0.549681 0.00669643 0.0788003 0.00820678 -0.549681 -0.0339587 0.0804781 0.143851 0.0804781 -0.00277371 -0.00762745 -0.0610404 0.143851 -0.00416059 29.3959 29.3959 29.3959 0.143851 -0.112435 0.0826896 0.799838 0.675845 0.799838 0.675845 0.799838 0.675845 
0.137139 0.109055 0.0397006 0.00177032 -0.0328119 -0.0709976 0.00241775 -0.0231359 0.114396 0.016593 -0.0953877 -0.0698615 -0.0266166 -0.0283593 -0.00106972 0.0013059 0.00676479 -0.0231359 -0.212956 -0.0565099 -0.0231359 -0.0231359 0.0454875 -0.200421 0.0253999 -0.082938 -0.202725 -0.0325015 41.2055 -0.109185 0.0253959 0.072528 -0.0411737 -0.068678 -0.0231359 0.0313381 -0.0698665 0.0252007 -0.0231359 -0.114765 -0.068678 0.706956 -0.068678 0.00676479 -0.0601119 0.0208925 0.706956 0.072528 41.2055 41.2055 41.2055 0.706956 -0.0565099 -0.212956 0.117812 0.0470467 0.117812 0.0470467 0.117812 0.0470467 
0.0905749 0.292574 -0.0553118 -0.0145069 -0.112364 -0.131024 0.153303 -0.00263493 0.123071 0.123613 0.00970255 0.116014 0.0632032 0.0589849 -0.162649 -0.0882451 0.251636 -0.00263493 -0.18946 0.00640642 -0.00263493 -0.00263493 -0.0035846 0.159097 0.173948 -0.743876 -0.0263209 -0.731486 1.26473 -0.0855401 0.011452 -0.0391011 -0.0181145 -0.109773 -0.00263493 0.0919055 -0.109449 0.0619574 -0.00263493 0.0350881 -0.109773 -0.210016 -0.109773 0.251636 0.229164 0.280735 -0.210016 -0.0391011 1.26473 1.26473 1.26473 -0.210016 0.00640642 -0.18946 -0.268538 -0.242685 -0.268538 -0.242685 -0.268538 -0.242685 
-0.0260246 0.0152065 0.0184357 0.000980702 -0.00996782 -0.0158207 0.020806 -0.00956156 0.0105366 -0.000199516 -0.00980275 -0.031175 0.0196705 0.0321363 -0.000998788 -0.00406434 0.00334041 -0.00956156 0.000917469 -0.0124591 -0.00956156 -0.00956156 0.0224876 0.0281588 -0.222397 0.224092 -0.188238 0.548562 3.7873 -0.0250789 0.0207476 -0.0236741 -0.196579 -0.00770792 -0.00956156 0.00378731 -0.00690722 -0.00934437 -0.00956156 0.00101414 -0.00770792 0.0112315 -0.00770792 0.00334041 0.000481609 -0.0116587 0.0112315 -0.0236741 3.7873 3.7873 3.7873 0.0112315 -0.0124591 0.000917469 0.102146 -0.00862529 0.102146 -0.00862529 0.102146 -0.00862529 
0.326414 0.51385 0.266966 0.25381 -0.00166808 0.130411 0.417948 0.176571 0.365566 0.139965 0.0706502 0.142368 0.341909 0.358899 -0.214424 -0.183551 -0.0393961 0.176571 -0.423425 -0.451726 0.176571 0.176571 -0.461048 -0.226651 -0.392846 0.75344 -0.586535 0.746894 107.832 -0.235557 -0.173121 0.468809 -0.662947 -0.207301 0.176571 0.141498 -0.208082 0.132293 0.176571 -0.455423 -0.207301 2.034 -0.207301 -0.0393961 -0.0135787 -0.0120076 2.034 0.468809 107.832 107.832 107.832 2.034 -0.451726 -0.423425 1.14764 0.508621 1.14764 0.508621 1.14764 0.508621 
-0.0403398 0.0372846 0.210242 0.161577 -0.0368158 0.358885 0.109141 0.0638717 -0.251255 -0.399859 -0.0287626 -0.0286119 0.0184962 0.0759049 -0.0262187 -0.0217341 -0.292344 0.0638717 0.601323 0.218518 0.0638717 0.0638717 0.142401 -0.0667624 -0.425002 0.95455 -0.577763 0.409458 5.44178 0.104282 0.00284168 -0.0465751 0.101736 0.246771 0.0638717 -0.145413 0.245079 -0.132322 0.0638717 0.085491 0.246771 -0.0662806 0.246771 -0.292344 -0.113683 -0.256896 -0.0662806 -0.0465751 5.44178 5.44178 5.44178 -0.0662806 0.218518 0.601323 1.35015 0.0958254 1.35015 0.0958254 1.35015 0.0958254 
-0.0591255 0.0700045 0.0300506 0.00344442 -0.0320134 0.0107255 0.0642743 -0.109071 0.0928344 0.0138991 -0.081945 -0.130605 0.09792 0.155405 -0.0217943 -0.0243235 0.0854199 -0.109071 -0.036025 -0.123322 -0.109071 -0.109071 0.412478 0.0532075 -0.194513 3.29639 -0.195938 3.41829 3.67434 -0.0907042 0.00663897 -0.0442956 -0.221904 -0.00243374 -0.109071 0.0871973 -0.00203507 -0.000964455 -0.109071 -0.034582 -0.00243374 -0.0186776 -0.00243374 0.0854199 0.109195 0.0328382 -0.0186776 -0.0442956 3.67434 3.67434 3.67434 -0.0186776 -0.123322 -0.036025 0.579264 0.0392663 0.579264 0.0392663 0.579264 0.0392663 
-0.0252574 0.00925556 -0.0145623 0.185102 -0.00312745 0.357153 0.0733847 -0.0372092 0.073619 0.016394 -0.0347864 -0.0399206 -0.0110752 0.029792 -0.0282572 -0.0278459 0.109528 -0.0372092 0.0142701 -0.172223 -0.0372092 -0.0372092 0.217066 0.123602 -0.22869 0.21765 -0.326067 1.05924 17.811 -0.209466 -0.0567569 -0.0261914 -0.146667 -0.0146154 -0.0372092 0.0316216 -0.0147474 0.0301419 -0.0372092 -0.0298523 -0.0146154 0.255202 -0.0146154 0.109528 0.157642 0.0587657 0.255202 -0.0261914 17.811 17.811 17.811 0.255202 -0.172223 0.0142701 0.275733 0.0658711 0.275733 0.0658711 0.275733 0.0658711 
0.0122838 0.0451588 -0.0374586 0.223001 -0.0145487 0.363594 0.101368 0.0109187 0.130065 0.144172 -0.0201108 0.00820932 -0.0462252 -0.0233667 -0.0651539 -0.0608399 0.141631 0.0109187 -0.0861946 -0.356484 0.0109187 0.0109187 -0.177566 0.154612 -0.108744 -0.0434241 -0.170573 1.30051 32.915 -0.35635 -0.0697202 0.0729443 -0.073845 -0.124773 0.0109187 0.0383006 -0.133673 0.0835454 0.0109187 -0.132494 -0.124773 0.932926 -0.124773 0.141631 0.161319 0.0818511 0.932926 0.0729443 32.915 32.915 32.915 0.932926 -0.356484 -0.0861946 0.113559 0.0955012 0.113559 0.0955012 0.113559 0.0955012 
-0.0134912 -0.18374 -0.0328248 -0.147421 -0.0269885 0.0184369 -0.31256 -0.211491 -0.41027 -0.41668 -0.379512 -0.349556 -0.363641 -0.372611 -0.0319041 -0.0315827 -0.408493 -0.211491 0.683148 0.421185 -0.211491 -0.211491 0.227183 0.00148985 -0.344558 2.38849 -0.0290175 0.292389 42.3168 -0.0468721 0.0487306 0.0448506 0.945974 0.502865 -0.211491 -0.140123 0.503962 -0.10268 -0.211491 0.124999 0.502865 0.878997 0.502865 -0.408493 -0.135579 -0.257833 0.878997 0.0448506 42.3168 42.3168 42.3168 0.878997 0.421185 0.683148 -0.131455 -0.155094 -0.131455 -0.155094 -0.131455 -0.155094 
