0.827519
0.894332
0.115924
0.92618
0.643758
0.0866116
0.288742
0.535449
0.945284
0.952408
0.146485
0.958292
0.969969
0.474174
0.813044
0.15178
0.432602
0.904398
0.780465
0.972272
0.644429
0.0258174
0.861928
0.922652
0.689518
0.746447
0.753833
0.384869
0.668059
0.172698
0.694712
0.0225251
0.265808
0.0442601
0.10627
0.84101
0.687001
0.326371
0.942391
0.041713
0.43806
0.386375
0.757708
0.78739
0.19455
0.498925
0.454765
0.655025
0.716874
0.762171
0.285229
0.671877
0.664023
0.171256
0.125895
0.507537
0.95186
0.349673
0.594225
0.223088
0.758774
0.264353
0.514998
0.689322
0.883079
0.95139
0.538177
0.147451
0.149191
0.257183
0.840057
0.2541
0.813743
0.243353
0.954113
0.3496
0.196253
0.250692
0.615555
0.472836
0.351413
0.830202
0.584829
0.549282
0.91653
0.285554
0.756677
0.753192
0.380183
0.567406
0.0757641
0.0538878
0.530395
0.778626
0.933293
0.129819
0.568425
0.46906
0.0115236
0.336879
0.16177
0.793735
0.310751
0.527954
0.165491
0.601374
0.262704
0.653405
0.688468
0.747315
0.450023
0.0831739
0.228692
0.91243
0.152148
0.825017
0.537775
1.00702
0.0775997
0.442192
0.106449
0.96086
0.00463081
0.774051
0.816531
0.867786
0.0843181
0.399271
0.259626
0.799227
0.430903
0.920797
0.181313
0.263549
0.145388
0.135642
0.895465
0.627655
0.145368
0.533764
0.351054
0.138009
0.0764932
0.0405278
0.183779
0.821738
0.0509885
0.300924
0.490632
0.543959
0.902863
0.0332896
0.779998
0.210277
0.403622
0.223568
0.938519
0.65168
0.0598387
0.553902
0.828698
0.405324
0.169621
0.257894
0.64745
0.378446
0.296357
0.623049
0.688091
0.385615
0.657139
0.647869
0.946547
0.333815
0.453936
0.725001
0.526692
0.889298
0.827897
0.525017
0.793245
0.939088
0.922195
0.0347095
0.645166
0.484305
0.300844
0.868848
0.855666
0.42157
0.185109
0.78404
0.330131
0.662606
0.207454
0.746092
0.45649
0.679967
0.425865
0.427767
0.635967
0.186825
0.135551
0.638102
0.422557
0.111823
0.260953
0.765212
0.930856
0.0995245
0.580191
0.969845
0.96515
0.226715
0.230188
0.415043
0.680605
0.638372
0.990412
0.881928
0.920535
0.582696
0.261753
0.12785
0.135286
0.229802
0.654673
0.0111727
0.71341
0.383242
0.332926
0.0639351
0.0291912
0.692032
0.478752
0.26342
0.616311
0.609251
0.574113
0.248265
0.878417
0.593234
0.175862
0.240854
0.503522
0.320537
0.678402
0.872936
0.518708
0.293044
0.813983
0.69546
0.66255
0.938907
0.655618
0.475727
0.43494
0.508256
0.131093
0.716793
0.828145
0.392501
0.408171
0.905344
0.653378
0.517595
0.427608
0.820529
0.164457
0.489631
0.203892
0.207109
0.978224
0.409988
0.705228
0.976376
0.580148
0.157216
0.967171
0.328313
0.689535
0.273034
0.633969
0.327256
0.986966
0.711012
0.576714
0.118991
0.214381
0.64671
0.957565
0.366576
0.625935
0.191155
0.457399
0.8772
0.566039
0.457059
0.59062
0.622683
0.611263
1.01135
1.00984
0.747567
0.589563
0.406869
0.879833
0.326713
0.59435
0.0489357
0.312546
0.488321
0.422889
0.776626
0.471011
0.634463
0.638511
0.52905
0.319515
0.631364
0.407593
0.724399
0.969333
0.74872
0.105483
0.0786434
0.423196
0.0677712
0.153442
0.261899
0.52734
0.0941398
0.518684
0.756343
0.957634
0.415595
0.289158
0.61358
0.0677385
0.935502
0.667822
0.844261
0.344438
0.780489
0.675247
0.00667061
0.602059
0.386761
0.91589
0.00110285
0.462368
0.424353
0.460842
0.770051
0.322416
0.784488
0.471338
0.0358965
0.175809
0.721734
0.473477
0.152663
0.341057
0.607379
0.191681
0.738303
0.24279
0.917289
0.269053
0.763793
0.188709
0.287424
0.0910985
0.576126
0.683375
0.546616
0.42574
0.644477
0.647647
0.678987
0.635784
0.945169
0.208941
0.709252
0.236255
0.119392
0.607296
0.450164
0.458755
0.66192
0.770255
0.350217
0.662003
0.41615
0.841901
0.832883
0.256465
0.613466
0.582258
0.540743
0.869944
0.264803
0.318064
0.119203
0.939796
0.645583
0.47946
0.639333
0.545346
0.194227
0.724887
0.829694
0.219626
0.863796
0.0645163
0.839032
0.363911
0.213227
0.772252
0.759776
0.193262
0.979665
0.0936712
0.368722
0.860666
0.842845
0.707401
0.0315457
0.34679
0.616049
0.263144
0.26642
0.2408
0.313822
0.357087
0.809111
0.683346
0.502201
0.020502
0.976651
0.269979
0.0738583
0.429969
0.887757
0.39127
0.769146
0.396881
0.808426
0.75511
0.377391
0.215989
0.790459
0.949212
0.32758
0.671268
0.438732
0.83344
0.768946
0.167287
0.861981
0.989891
0.514459
0.884283
0.588045
0.154743
0.19993
0.406945
0.748667
0.825497
0.789875
0.318529
0.534104
0.0899445
0.111729
0.136325
0.678616
0.495243
0.189774
0.49498
0.147596
0.0549489
0.850697
0.56056
0.929522
0.696714
0.582766
0.815333
0.878967
0.988864
0.00051026
0.865411
0.612617
0.989966
0.527697
0.479555
0.80141
0.227828
0.498113
0.900786
0.574641
0.845239
0.738691
0.586055
0.246801
0.666485
0.0835496
0.625985
0.661001
0.729686
0.890687
0.987252
0.597805
0.931235
0.927085
0.119192
0.583321
0.846083
0.61025
0.632999
0.449972
0.364426
0.218834
0.191581
0.952164
0.145201
0.689017
0.636579
0.996693
0.69284
0.336251
0.444786
0.725129
0.855557
0.857523
0.20641
0.348936
0.416126
0.720363
0.0810595
0.0621505
0.16482
0.369572
0.0501108
0.150644
0.513816
-0.124968
0.289588
0.439089
0.0718295
0.632771
0.630097
0.593409
0.674457
0.268192
0.638384
-0.0829314
-0.166827
-0.180546
0.692155
-0.0919751
0.373268
1.00067
-0.169842
0.484772
0.231834
0.367045
-0.177472
0.277683
0.681186
0.439862
-0.213351
0.486709
0.557488
0.718359
0.561137
0.425796
0.666482
-0.0958219
0.944175
0.72613
0.728768
0.446123
0.641944
0.851671
0.752014
0.880434
0.238754
0.425127
0.865911
0.678421
0.373165
0.221002
0.788518
0.407587
0.0860528
0.516481
0.390998
0.917081
0.64312
0.842868
0.78116
0.012383
0.241199
0.196736
0.406074
0.0783679
0.783348
0.62733
0.98416
0.28564
0.755984
0.0561645
0.109828
0.347438
0.265478
0.857583
0.768214
0.61545
0.0368646
0.645029
0.452178
0.665673
0.316127
0.78141
0.12582
0.967167
0.00744893
0.371427
0.723615
0.47839
0.632278
0.519861
0.103985
0.597746
0.194963
0.104812
0.215729
0.207844
0.706133
0.0343728
0.210095
0.851728
0.703367
0.81484
0.170667
0.827733
0.170437
0.257803
0.396809
0.0739966
0.684079
0.402397
0.982855
0.402194
0.620691
0.154365
0.381335
0.161135
0.758093
0.871121
0.350787
0.685528
0.294139
0.530629
0.832439
0.597471
0.335304
0.299235
0.452583
0.422635
0.359597
0.55834
0.74253
0.424324
0.429346
0.124876
0.0244364
0.290196
0.31753
0.653675
0.956663
0.458076
0.763753
0.740594
0.105884
0.462766
0.0987525
0.175236
0.66605
0.516926
0.154021
0.540495
0.036335
0.748268
0.524949
0.54579
0.414552
0.254801
0.923595
0.93257
0.921233
0.57699
0.257893
0.224955
0.769263
0.714411
0.42582
0.81657
0.815286
0.847642
0.636368
0.445844
0.875208
0.404643
0.224169
0.652482
0.604957
0.387246
0.142189
0.025135
0.421089
0.184106
0.725759
0.370342
0.841605
0.73423
0.571064
0.176858
0.957369
0.265317
0.924579
0.22378
0.373584
0.0875062
0.640111
0.180617
0.0450496
0.723169
0.34746
0.660631
0.383862
0.627381
0.0216493
0.91061
0.800535
0.745802
0.813105
0.383297
0.617297
0.545018
0.275054
0.080819
0.227703
0.403071
0.0300057
0.642303
0.802069
0.442739
0.939375
0.265375
0.783713
0.800627
0.898991
0.0422053
0.217805
0.38153
0.106935
0.00857775
0.354458
0.518489
0.945593
0.402617
0.766832
0.285876
0.244171
0.814173
0.527863
0.228952
0.750449
0.86206
0.58358
0.801984
0.720673
0.990703
0.970452
0.611407
0.45395
0.436863
0.138329
0.895643
0.782011
0.397666
0.842953
0.204946
0.0447259
0.0744137
0.728793
0.869092
0.673966
0.915434
0.235065
0.904369
0.767604
0.702311
0.18161
0.694262
0.193921
0.569404
0.0451975
0.638214
0.31385
0.726781
0.208584
0.137243
0.627945
0.875876
0.0560152
0.996862
0.901473
0.9279
0.619622
0.123704
0.832179
0.840413
0.980083
0.623585
0.41279
0.969153
0.740897
0.35714
0.230823
0.590838
0.348996
0.715627
0.731617
0.136625
0.806097
0.878248
0.96492
0.190104
0.674942
0.811928
0.97367
0.403961
0.258786
0.351124
0.0961971
0.0658418
0.797348
0.893088
0.0348742
0.206379
0.731279
0.732867
0.888912
0.593709
0.0820244
0.934136
0.795143
0.275958
0.532544
0.976508
0.727071
0.85033
0.444268
0.459371
0.549472
0.259205
0.737675
0.492646
0.635695
0.296548
0.127495
0.486527
0.351075
0.776762
0.767704
0.657336
0.122391
0.0326682
0.570954
0.311932
0.927983
0.969507
0.286189
0.802
0.896052
0.598089
0.884566
0.943087
0.549637
0.72901
0.576975
0.0265211
0.446934
0.64564
0.520601
0.371844
0.936519
0.829859
0.847872
0.371741
0.591949
0.872841
0.934071
0.668027
0.206389
0.653245
0.0716291
0.406097
0.667162
0.933099
0.810329
0.484312
0.75719
0.417549
0.971238
0.988032
0.804082
0.389556
0.455952
0.24785
0.785388
0.88378
0.912827
0.557401
0.60005
0.150135
0.898677
0.452843
0.20481
0.898502
0.850342
0.88131
0.283996
0.672027
0.670958
0.123972
0.407993
0.276235
0.717836
0.283932
0.896511
0.827808
0.389177
0.498986
0.691532
0.793442
0.604157
0.573461
0.325649
0.456103
0.713761
0.884366
0.720819
0.0186386
0.674793
0.438521
0.437792
0.117008
0.814619
0.324848
0.246248
0.342689
0.375663
0.546561
0.561957
0.395842
0.398109
0.515332
0.657531
0.950949
0.722363
0.400083
0.831895
0.134347
0.0604621
0.0845757
0.163898
0.324198
0.301733
0.0117052
0.539904
0.0953558
0.146503
0.631126
0.858023
0.972673
0.569977
0.995345
0.552651
0.514675
0.330168
0.429209
0.491043
0.0707747
0.886401
0.0628204
0.435524
0.825379
0.393949
0.613824
0.820987
0.884897
0.929685
0.190491
0.257839
0.896433
0.592429
0.503088
0.611875
0.818181
0.531093
0.201605
0.453214
0.427254
0.968188
0.619122
0.694326
0.719733
0.346202
0.515847
0.558956
0.155738
0.560917
0.693871
0.425599
0.834607
0.730537
0.359307
0.4533
0.385509
0.773999
0.73281
0.429282
0.694663
0.942894
0.782678
0.706512
0.108393
0.38911
0.589728
0.458417
0.0492546
0.227914
0.83253
0.0154425
0.861995
0.077627
0.667692
0.499138
0.21744
0.570478
0.121488
0.673182
0.0120769
0.0617821
0.0158711
0.44038
0.602909
0.531447
0.176155
0.91263
0.279144
0.147649
0.336372
0.780425
0.111543
0.988364
0.263982
0.103328
0.24584
0.760547
0.270817
0.533462
0.293806
0.59388
0.739587
0.656253
0.280991
0.552922
0.545113
0.36619
0.491351
0.877922
0.557877
0.449725
0.316408
0.83456
0.0739165
0.362835
0.659973
0.0947856
0.99293
0.30707
0.745573
0.499735
0.132462
0.787331
0.672396
0.00212349
0.0598492
0.189515
0.117545
0.176179
0.957198
0.905134
0.906505
0.481734
0.682192
0.265053
0.82538
0.175309
0.740079
0.434031
0.0249737
0.00778705
0.276478
0.646864
0.483193
0.771493
0.514
0.890051
0.868065
0.317944
0.682017
0.908133
0.461915
0.854462
0.0770239
0.0345242
0.807899
0.18012
0.699316
0.32312
0.219918
0.0486012
0.108802
0.240609
0.552676
0.955577
1.00153
0.727415
0.725997
0.191454
0.101933
0.700519
0.70505
0.439964
0.805716
0.759845
0.116334
0.746494
0.739627
0.506407
0.417296
